{
    "attitudeTopWords": {
        "negative": {
            "avg": -0.644378358208956,
            "diff": -0.06313143083465222,
            "words": {
                "ashamed": -0.7274999999999999,
                "ass": -0.6167446808510638,
                "attacks": -0.5711571428571429,
                "ban": -0.6181384615384615,
                "calling": -0.5613166666666668,
                "dead": -0.68496,
                "elected": -0.6185624999999999,
                "evil": -0.7630750000000002,
                "fraud": -0.7700714285714285,
                "fuck": -0.7782363636363638,
                "fucking": -0.8157800000000001,
                "hated": -0.57412,
                "hatred": -0.621225,
                "hell": -0.6733181818181818,
                "info": -0.5743000000000001,
                "insane": -0.8663000000000001,
                "lied": -0.7015333333333333,
                "men": -0.6406012820512814,
                "report": -0.5099999999999999,
                "sad": -0.6046199999999999
            }
        },
        "positive": {
            "avg": -0.7166800000000001,
            "diff": -0.13543307262569637,
            "words": {
                "ahead": 0,
                "amazing": 0,
                "became": 0,
                "bless": 0,
                "doj": 0,
                "freedom": -0.7361666666666667,
                "happy": -0.6705,
                "hero": 0,
                "iowa": 0,
                "loves": 0,
                "morrisey": 0,
                "nice": 0,
                "pardon": -0.7562000000000001,
                "proud": -0.3804,
                "sessions": 0,
                "shall": -0.69765,
                "stormy": 0,
                "supreme": 0,
                "warren": 0,
                "wins": -0.8779499999999999
            }
        }
    },
    "lexicalDiversity": 0.07710881796851865,
    "profanityShare": [
        0.007858948951001163,
        0.009938476100331283
    ]
}
