{
    "attitudeTopWords": {
        "negative": {
            "avg": 0.5818618556701032,
            "diff": 0.01282463685619728,
            "words": {
                "ashamed": 0,
                "ass": 0.5477777777777777,
                "attacks": 0,
                "ban": 0.551875,
                "calling": 0,
                "dead": 0,
                "elected": 0,
                "evil": 0,
                "fraud": 0,
                "fuck": 0.8834,
                "fucking": 0,
                "hated": 0,
                "hatred": 0,
                "hell": 0.4738,
                "info": 0.7108,
                "insane": 0,
                "lied": 0.5562,
                "men": 0.6001622641509433,
                "report": 0.5091600000000001,
                "sad": 0.3321
            }
        },
        "positive": {
            "avg": 0.6172279999999997,
            "diff": 0.04819078118609377,
            "words": {
                "ahead": 0.5615600000000001,
                "amazing": 0.7208000000000001,
                "became": 0.6284,
                "bless": 0.681775,
                "doj": 0,
                "freedom": 0.73455,
                "happy": 0.7191,
                "hero": 0.51176,
                "iowa": 0,
                "loves": 0.5128750000000001,
                "morrisey": 0,
                "nice": 0.6943666666666667,
                "pardon": 0.4535666666666666,
                "proud": 0.6173000000000001,
                "sessions": 0,
                "shall": 0.5891500000000001,
                "stormy": 0,
                "supreme": 0,
                "warren": 0,
                "wins": 0.639325
            }
        }
    },
    "lexicalDiversity": 0.07745686936010313,
    "profanityShare": [
        0.0028799473381058175,
        0.007679648930334613
    ]
}
